336
0,0.970588,4.714286,63 
1,1.156250,3.363636,66 
2,1.218750,3.000000,68 
3,1.303030,2.866667,72 
4,1.323529,2.647059,77 
5,1.406250,2.368421,75 
6,1.500000,2.285714,78 
7,1.545455,2.217391,82 
8,1.612903,2.083333,80 
9,1.718750,2.037037,86 
10,1.774194,1.964286,85 
11,1.838710,1.900000,88 
12,1.966667,1.843750,89 
13,2.000000,1.771429,94 
14,2.100000,1.750000,94 
15,2.193548,1.700000,100
16,1.033333,4.769231,114
17,1.030769,3.941176,125
18,1.133333,3.578947,122
19,1.177419,3.318182,129
20,1.206349,3.166667,132
21,1.234375,2.925926,137
22,1.295082,2.821429,134
23,1.287879,2.741935,145
24,1.298507,2.636364,149
25,1.353846,2.514286,148
26,1.393939,2.421053,154
27,1.461538,2.375000,155
28,1.492308,2.309524,158
29,1.523077,2.250000,160
30,1.553846,2.195652,163
31,1.584615,2.145833,165
32,1.615385,2.142857,168
33,1.661538,2.076923,171
34,1.676923,2.056604,172
35,1.707692,2.018182,174
36,1.738461,1.982456,177
37,1.769231,1.949153,178
38,1.800000,1.918033,182
39,1.859375,1.888889,183
40,1.904762,1.875000,183
41,1.903226,1.815385,180
42,1.951613,1.805970,183
43,2.000000,1.771429,186
44,2.066667,1.771429,185
45,2.116667,1.739726,189
46,2.157895,1.708333,182
47,2.206897,1.706667,188
48,1.052632,4.545455,183
49,1.103093,4.115385,192
50,1.111111,3.793103,197
51,1.139785,3.655172,189
52,1.168317,3.470588,208
53,1.186275,3.361111,212
54,1.200000,3.315789,220
55,1.219048,3.200000,222
56,1.242991,3.093023,229
57,1.268519,2.978261,235
58,1.280374,2.914894,234
59,1.295238,2.833333,232
60,1.326923,2.760000,232
61,1.336449,2.698113,242
62,1.345794,2.666667,242
63,1.342857,2.611111,237
64,1.365217,2.573771,263
65,1.389381,2.532258,262
66,1.405405,2.476191,258
67,1.427273,2.453125,258
68,1.441441,2.424242,263
69,1.460870,2.400000,275
70,1.477876,2.352113,272
71,1.491071,2.319444,272
72,1.495575,2.315068,275
73,1.508772,2.293333,280
74,1.526316,2.259740,282
75,1.552632,2.212500,285
76,1.565217,2.222222,289
77,1.578947,2.195122,288
78,1.586207,2.164706,294
79,1.598291,2.149425,298
80,1.608696,2.126437,295
81,1.634783,2.112360,298
82,1.643478,2.100000,300
83,1.655172,2.064516,303
84,1.678261,2.053191,305
85,1.683761,2.052083,309
86,1.704348,2.020618,308
87,1.713043,2.010204,309
88,1.731092,2.000000,322
89,1.756522,1.980392,314
90,1.756522,1.961165,314
91,1.767241,1.971154,318
92,1.782609,1.952381,317
93,1.800000,1.911504,334
94,1.808696,1.908257,322
95,1.837607,1.902655,331
96,1.863248,1.879310,334
97,1.871795,1.871795,335
98,1.887931,1.871795,334
99,1.905172,1.841667,337
100,1.929825,1.833333,334
101,1.956140,1.827869,337
102,1.982301,1.806452,338
103,1.991228,1.787402,342
104,2.018018,1.792000,337
105,2.027027,1.785714,337
106,2.055046,1.763780,335
107,2.082569,1.759690,338
108,2.113208,1.750000,332
109,2.125000,1.726562,328
110,2.150000,1.733871,318
111,2.178218,1.705426,325
112,1.082498,4.529551,192
113,1.122642,4.103448,212
114,1.134454,3.857143,240
115,1.159292,3.742857,231
116,1.178571,3.666667,231
117,1.208696,3.475000,242
118,1.226891,3.395349,252
119,1.241667,3.311111,257
120,1.256198,3.234043,260
121,1.266129,3.140000,269
122,1.265152,3.092592,286
123,1.278196,3.035714,291
124,1.300000,2.964912,286
125,1.312977,2.915254,291
126,1.325758,2.868852,295
127,1.335821,2.796875,302
128,1.355556,2.772727,306
129,1.335664,2.728571,322
130,1.362319,2.685714,314
131,1.389706,2.625000,314
132,1.385714,2.586667,323
133,1.379310,2.564103,334
134,1.395833,2.544304,334
135,1.419343,2.481514,348
136,1.414966,2.476191,345
137,1.432432,2.465116,349
138,1.436242,2.431818,352
139,1.424837,2.449438,360
140,1.463087,2.395604,357
141,1.480000,2.387097,362
142,1.480000,2.361702,363
143,1.503311,2.364583,368
144,1.506579,2.336735,371
145,1.513158,2.323232,372
146,1.522581,2.291262,382
147,1.532467,2.291262,382
148,1.532895,2.284314,377
149,1.542484,2.269231,380
150,1.545455,2.245283,383
151,1.554839,2.231482,388
152,1.570513,2.207207,392
153,1.575000,2.210526,403
154,1.583851,2.198276,408
155,1.581250,2.181035,405
156,1.597561,2.165289,418
157,1.607362,2.165289,417
158,1.611111,2.157025,415
159,1.630201,2.123071,418
160,1.635803,2.137097,420
161,1.644172,2.126984,425
162,1.648148,2.119048,422
163,1.662577,2.100775,428
164,1.662577,2.084615,428
165,1.676829,2.083333,432
166,1.680982,2.075758,431
167,1.692771,2.051095,442
168,1.701220,2.051471,437
169,1.717791,2.043796,437
170,1.719512,2.043478,440
171,1.721212,2.014184,445
172,1.725610,2.021429,442
173,1.742331,2.014184,443
174,1.756098,2.000000,448
175,1.756098,1.986207,448
176,1.766871,1.972603,448
177,1.766871,1.972603,448
178,1.779141,1.959459,449
179,1.777778,1.959184,446
180,1.791411,1.946667,452
181,1.808642,1.940397,452
182,1.813665,1.933775,451
183,1.829924,1.911401,451
184,1.832298,1.915584,454
185,1.854430,1.902597,449
186,1.867925,1.903846,454
187,1.868421,1.893333,434
188,1.878981,1.878981,451
189,1.898089,1.874214,454
190,1.905660,1.847561,462
191,1.916667,1.857143,454
192,1.922078,1.850000,449
193,1.941558,1.834356,454
194,1.953947,1.844720,449
195,1.960265,1.827160,448
196,1.987013,1.810651,462
197,1.993289,1.810976,448
198,2.013605,1.815951,445
199,2.027397,1.804878,443
200,2.047945,1.790419,448
201,2.062500,1.778443,443
202,2.069444,1.763314,445
203,2.092199,1.766467,438
204,2.123188,1.754491,434
205,2.147887,1.723164,451
206,2.154412,1.733728,432
207,2.166205,1.715263,437
208,1.141414,4.346154,200
209,1.174757,3.903226,212
210,1.224490,3.750000,206
211,1.181818,3.763158,249
212,1.225225,3.578947,234
213,1.252337,3.350000,229
214,1.254386,3.325581,245
215,1.271186,3.260870,255
216,1.286957,3.217391,251
217,1.278196,3.207547,289
218,1.319328,3.019231,265
219,1.330579,2.981482,271
220,1.338710,2.964286,278
221,1.353846,2.885246,294
222,1.360902,2.873016,302
223,1.344828,2.867647,326
224,1.346939,2.828571,332
225,1.388489,2.757143,320
226,1.397163,2.736111,326
227,1.427536,2.662162,323
228,1.423611,2.662338,337
229,1.406452,2.691358,360
230,1.442177,2.585366,348
231,1.456376,2.583333,354
232,1.437909,2.558140,362
233,1.391304,2.574713,372
234,1.445860,2.494505,372
235,1.447368,2.471910,362
236,1.445161,2.461539,368
237,1.441176,2.450000,403
238,1.447674,2.441176,409
239,1.481013,2.412371,382
240,1.481250,2.393939,386
241,1.497006,2.380952,406
242,1.496933,2.368932,397
243,1.493902,2.355769,398
244,1.518293,2.349057,403
245,1.527273,2.333333,406
246,1.508287,2.333333,443
247,1.535714,2.324324,415
248,1.523529,2.292035,418
249,1.532164,2.298246,423
250,1.549708,2.284483,426
251,1.558140,2.271186,431
252,1.560694,2.268908,434
253,1.565714,2.264463,438
254,1.568182,2.243902,443
255,1.579545,2.241935,445
256,1.581921,2.240000,448
257,1.586592,2.218750,454
258,1.583333,2.226562,455
259,1.591160,2.215385,460
260,1.603175,2.195652,483
261,1.595628,2.212121,466
262,1.597826,2.194030,469
263,1.607143,2.187500,502
264,1.611399,2.174825,495
265,1.611111,2.170068,508
266,1.614973,2.157143,480
267,1.625668,2.156028,483
268,1.636364,2.154930,485
269,1.637755,2.154362,508
270,1.647959,2.139073,511
271,1.646766,2.121795,523
272,1.648936,2.123288,491
273,1.650794,2.122449,492
274,1.656085,2.114865,494
275,1.666667,2.114094,497
276,1.663158,2.106667,498
277,1.673469,2.102564,517
278,1.681818,2.081250,523
279,1.685279,2.088050,522
280,1.696970,2.086957,526
281,1.690355,2.068323,523
282,1.703518,2.067073,531
283,1.702020,2.067485,528
284,1.713568,2.054217,534
285,1.722772,2.035088,543
286,1.724138,2.023121,546
287,1.723618,2.041667,535
288,1.733990,2.011429,549
289,1.733668,2.029412,538
290,1.743719,2.017442,540
291,1.742424,2.017544,537
292,1.758794,2.011494,543
293,1.756345,2.000000,538
294,1.773399,1.978022,558
295,1.777228,1.972528,557
296,1.773869,1.983146,548
297,1.778894,1.977654,548
298,1.781726,1.983051,543
299,1.787879,1.966667,548
300,1.790816,1.960894,543
301,1.810945,1.936170,562
302,1.805128,1.955556,543
303,1.811224,1.950549,548
304,1.814433,1.944751,543
305,1.834171,1.910995,562
306,1.840206,1.929730,548
307,1.842932,1.923497,540
308,1.849741,1.919355,548
309,1.857895,1.918478,540
310,1.863874,1.903743,545
311,1.870968,1.912088,532
312,1.883598,1.893617,543
313,1.893617,1.883598,543
314,1.885870,1.885870,529
315,1.908602,1.878307,540
316,1.913514,1.863158,538
317,1.927374,1.875000,523
318,1.927778,1.865591,526
319,1.943820,1.860215,523
320,1.948864,1.854054,518
321,1.965909,1.840425,523
322,1.982759,1.844920,520
323,1.988571,1.831579,523
324,2.005848,1.824468,515
325,2.023256,1.812500,522
326,2.029762,1.813830,511
327,2.024096,1.806452,503
328,2.048485,1.797872,505
329,2.067485,1.792553,502
330,2.074534,1.786096,497
331,2.093750,1.772487,498
332,2.121019,1.761905,494
333,2.135484,1.751323,489
334,2.142857,1.746032,488
335,2.164474,1.740741,485