336
0,1.028571,4.500000,72 
1,1.147059,3.545455,75 
2,1.187500,2.923077,73 
3,1.242424,2.733333,77 
4,1.281250,2.562500,77 
5,1.312500,2.333333,78 
6,1.419355,2.200000,80 
7,1.454545,2.086957,87 
8,1.566667,1.958333,82 
9,1.600000,1.846154,83 
10,1.689655,1.814815,85 
11,1.766667,1.766667,90 
12,1.862069,1.687500,90 
13,1.903226,1.638889,98 
14,1.966667,1.594595,98 
15,2.103448,1.525000,100
16,1.031250,4.400000,132
17,1.072464,3.894737,147
18,1.098592,3.545455,153
19,1.140845,3.240000,157
20,1.176471,3.076923,153
21,1.194444,2.965517,163
22,1.225352,2.806452,163
23,1.250000,2.647059,168
24,1.273973,2.513514,173
25,1.305556,2.473684,173
26,1.333333,2.400000,177
27,1.366197,2.309524,177
28,1.402778,2.244444,183
29,1.442857,2.195652,182
30,1.436620,2.125000,183
31,1.485714,2.080000,185
32,1.521739,2.019231,185
33,1.573529,1.981481,187
34,1.588235,1.928571,188
35,1.626866,1.879310,190
36,1.676923,1.847458,188
37,1.714286,1.830508,185
38,1.727273,1.781250,195
39,1.753846,1.753846,195
40,1.796875,1.716418,195
41,1.841270,1.681159,195
42,1.887097,1.647887,197
43,1.903226,1.616438,198
44,1.950820,1.586667,198
45,1.983333,1.565789,197
46,2.033898,1.538462,198
47,2.068965,1.500000,198
48,1.034783,4.576923,237
49,1.077586,4.166667,245
50,1.084746,3.878788,252
51,1.086207,3.705882,248
52,1.094017,3.459460,252
53,1.129310,3.358974,253
54,1.145299,3.268293,258
55,1.170940,3.186047,262
56,1.173554,3.086957,272
57,1.193277,2.958333,270
58,1.204918,2.882353,278
59,1.211382,2.811321,282
60,1.231405,2.709091,282
61,1.235772,2.666667,287
62,1.248000,2.600000,293
63,1.278689,2.557377,290
64,1.295082,2.507936,293
65,1.311475,2.461539,295
66,1.327869,2.417910,298
67,1.344262,2.376812,300
68,1.349594,2.338028,305
69,1.365854,2.301370,307
70,1.370968,2.266667,310
71,1.390244,2.250000,310
72,1.400000,2.243590,317
73,1.434426,2.187500,315
74,1.427419,2.158537,318
75,1.459016,2.144578,318
76,1.471545,2.129412,323
77,1.479675,2.091954,325
78,1.483871,2.044445,328
79,1.512397,2.033333,325
80,1.512195,2.000000,330
81,1.532787,1.989362,330
82,1.558333,1.968421,328
83,1.566667,1.938144,330
84,1.575000,1.928571,332
85,1.596639,1.900000,332
86,1.610170,1.881188,332
87,1.618644,1.854369,333
88,1.641026,1.828571,333
89,1.649573,1.820755,335
90,1.663793,1.803738,333
91,1.686957,1.779817,335
92,1.695652,1.756757,337
93,1.713043,1.743363,338
94,1.734513,1.734513,335
95,1.752137,1.708333,350
96,1.756522,1.683333,345
97,1.775862,1.674797,352
98,1.793103,1.650794,353
99,1.821429,1.645161,345
100,1.837607,1.628788,363
101,1.850877,1.610687,357
102,1.859649,1.593985,358
103,1.891892,1.567164,353
104,1.912621,1.551181,330
105,1.923077,1.538462,335
106,1.951923,1.526316,340
107,1.979798,1.507692,327
108,2.000000,1.496183,327
109,2.019418,1.485714,345
110,2.051546,1.452555,330
111,2.085106,1.451852,323
112,1.050089,4.501541,293
113,1.049645,4.111111,295
114,1.077922,3.952381,327
115,1.093960,3.790698,318
116,1.103896,3.695652,332
117,1.120000,3.500000,327
118,1.131250,3.480769,350
119,1.144654,3.370370,350
120,1.161290,3.214286,345
121,1.170068,3.127273,330
122,1.175325,3.120690,345
123,1.187919,3.051724,337
124,1.203947,2.951613,347
125,1.218543,2.875000,347
126,1.229814,2.828571,373
127,1.240741,2.753425,378
128,1.238710,2.704225,362
129,1.251534,2.649351,383
130,1.265060,2.625000,392
131,1.251534,2.615385,383
132,1.268293,2.536585,388
133,1.297619,2.505747,403
134,1.285714,2.493976,385
135,1.314285,2.445669,393
136,1.303571,2.406593,407
137,1.329341,2.387097,408
138,1.341615,2.373626,397
139,1.345679,2.344086,400
140,1.358025,2.315789,402
141,1.361963,2.288660,407
142,1.348066,2.280374,448
143,1.384146,2.247525,413
144,1.386905,2.219048,423
145,1.387283,2.201835,437
146,1.397727,2.176991,447
147,1.411765,2.181818,478
148,1.413174,2.145455,427
149,1.432749,2.149123,442
150,1.440476,2.141593,435
151,1.452941,2.111111,443
152,1.445714,2.090909,455
153,1.468571,2.089431,460
154,1.478788,2.067797,435
155,1.482143,2.057851,443
156,1.496970,2.041322,438
157,1.494506,2.029851,483
158,1.486188,1.992593,480
159,1.523196,1.981114,473
160,1.514620,1.962121,460
161,1.533742,1.953125,442
162,1.531073,1.949640,480
163,1.543860,1.927007,467
164,1.551136,1.922535,482
165,1.566474,1.908451,477
166,1.577778,1.906040,498
167,1.583815,1.889655,480
168,1.589595,1.870748,482
169,1.598802,1.854167,467
170,1.610778,1.855172,470
171,1.611765,1.826667,478
172,1.621951,1.821918,463
173,1.632530,1.806667,472
174,1.631579,1.788462,487
175,1.650307,1.793333,467
176,1.654762,1.770701,483
177,1.660606,1.756410,475
178,1.662338,1.741497,445
179,1.674847,1.738853,473
180,1.691358,1.734177,473
181,1.705128,1.716129,458
182,1.713376,1.702532,463
183,1.731736,1.681047,442
184,1.734177,1.680982,470
185,1.743056,1.662252,432
186,1.750000,1.647059,432
187,1.770833,1.634615,437
188,1.770833,1.624204,437
189,1.791367,1.616883,425
190,1.798611,1.598765,442
191,1.823529,1.603448,473
192,1.821918,1.583333,452
193,1.843537,1.575581,460
194,1.859060,1.564972,468
195,1.862069,1.542857,457
196,1.878571,1.529070,445
197,1.893617,1.517045,450
198,1.912409,1.514451,442
199,1.926471,1.497143,440
200,1.942857,1.494506,457
201,1.970149,1.466667,442
202,1.985714,1.470899,465
203,2.007634,1.453039,438
204,2.031008,1.439560,435
205,2.047619,1.425414,428
206,2.073771,1.413408,418
207,2.088545,1.412027,412
208,1.064748,4.484848,292
209,1.092199,4.052631,300
210,1.088435,3.902439,313
211,1.093023,3.836735,368
212,1.104938,3.653061,348
213,1.115607,3.641510,375
214,1.129213,3.526316,388
215,1.142857,3.310345,370
216,1.151163,3.245902,382
217,1.173913,3.150000,362
218,1.184524,3.109375,378
219,1.202381,3.014925,383
220,1.203488,3.000000,392
221,1.193548,3.000000,422
222,1.228916,2.873240,383
223,1.231214,2.840000,400
224,1.242938,2.784810,413
225,1.235955,2.750000,413
226,1.259887,2.686747,417
227,1.250000,2.747253,468
228,1.262032,2.622222,442
229,1.271277,2.597826,445
230,1.272727,2.559140,443
231,1.277487,2.541667,455
232,1.294737,2.510204,457
233,1.303192,2.474747,453
234,1.307292,2.460784,465
235,1.293269,2.490741,500
236,1.321429,2.420561,478
237,1.323077,2.366972,477
238,1.333333,2.378378,485
239,1.328502,2.391304,507
240,1.350515,2.339286,480
241,1.357143,2.313044,487
242,1.360406,2.290598,490
243,1.373737,2.285714,495
244,1.361905,2.288000,523
245,1.364055,2.276923,542
246,1.388889,2.235772,500
247,1.389163,2.238095,512
248,1.395122,2.200000,520
249,1.400000,2.184000,495
250,1.405128,2.192000,497
251,1.410628,2.162963,528
252,1.418367,2.155039,502
253,1.423077,2.129496,535
254,1.433674,2.112782,507
255,1.438776,2.104478,508
256,1.448980,2.103704,510
257,1.451777,2.087591,513
258,1.456853,2.079710,515
259,1.461929,2.071942,517
260,1.463303,2.084967,572
261,1.478673,2.052632,557
262,1.484848,2.041667,525
263,1.484848,2.027586,525
264,1.484018,2.031250,580
265,1.492462,2.006757,530
266,1.500000,1.993289,528
267,1.505051,1.986667,530
268,1.487562,1.954248,535
269,1.516588,1.975309,568
270,1.526066,1.963415,570
271,1.528571,1.957317,568
272,1.518182,1.953216,593
273,1.534247,1.953488,593
274,1.535354,1.924051,538
275,1.536697,1.936416,592
276,1.549296,1.918605,582
277,1.556122,1.906250,538
278,1.560185,1.903955,593
279,1.557143,1.879310,577
280,1.574359,1.871951,540
281,1.566326,1.860606,542
282,1.582474,1.860606,538
283,1.587629,1.855422,540
284,1.590698,1.848649,600
285,1.602871,1.840659,587
286,1.596154,1.814208,582
287,1.606218,1.812865,543
288,1.611940,1.810056,567
289,1.628713,1.797814,573
290,1.625000,1.785714,567
291,1.631841,1.782609,572
292,1.638498,1.771574,608
293,1.649289,1.766497,605
294,1.650000,1.755319,573
295,1.654822,1.734043,567
296,1.661905,1.745000,607
297,1.671717,1.723958,575
298,1.681373,1.723618,593
299,1.678756,1.705263,562
300,1.694301,1.703125,565
301,1.697917,1.689119,563
302,1.703704,1.677083,557
303,1.705263,1.670103,560
304,1.718085,1.664948,557
305,1.732620,1.661538,557
306,1.736264,1.645833,543
307,1.739130,1.632653,550
308,1.748691,1.637255,573
309,1.754190,1.618557,540
310,1.761111,1.609137,543
311,1.776536,1.597990,545
312,1.786127,1.584615,528
313,1.793103,1.575758,533
314,1.802326,1.565657,530
315,1.814371,1.553846,517
316,1.817647,1.545000,527
317,1.835165,1.546296,568
318,1.841177,1.526829,533
319,1.850299,1.522167,525
320,1.867925,1.507614,503
321,1.881250,1.497512,510
322,1.892405,1.487562,507
323,1.897436,1.480000,500
324,1.921569,1.462687,497
325,1.927632,1.457711,493
326,1.952381,1.449495,482
327,1.959184,1.432836,485
328,1.986207,1.425743,483
329,2.000000,1.407035,468
330,2.014085,1.408867,478
331,2.043478,1.396040,470
332,2.052632,1.378788,455
333,2.075188,1.373134,458
334,2.085106,1.380282,488
335,2.115108,1.373832,487