336
0,1.020833,4.454545,68 
1,1.148936,3.375000,71 
2,1.191489,3.111111,74 
3,1.276596,2.857143,77 
4,1.319149,2.695652,78 
5,1.404255,2.538461,82 
6,1.511111,2.344828,83 
7,1.555556,2.258065,84 
8,1.630435,2.205882,89 
9,1.711111,2.081081,90 
10,1.818182,2.051282,92 
11,1.863636,1.906977,94 
12,1.953488,1.909091,94 
13,2.023809,1.847826,95 
14,2.170732,1.780000,98 
15,2.219512,1.750000,100
16,1.045977,4.789474,124
17,1.113636,3.920000,131
18,1.159091,3.642857,134
19,1.164835,3.419355,139
20,1.208791,3.235294,143
21,1.241758,3.054054,146
22,1.274725,2.900000,148
23,1.290323,2.790698,153
24,1.322581,2.673913,155
25,1.358696,2.604167,156
26,1.433333,2.580000,159
27,1.450549,2.490566,161
28,1.467391,2.410714,164
29,1.522222,2.322034,166
30,1.538462,2.295082,169
31,1.577778,2.253968,169
32,1.606742,2.200000,170
33,1.662921,2.176471,174
34,1.681818,2.144928,174
35,1.724138,2.083333,175
36,1.747126,2.054054,176
37,1.772727,2.025974,180
38,1.813954,2.000000,179
39,1.858824,1.950617,180
40,1.892857,1.915663,180
41,1.951807,1.883721,183
42,1.987952,1.875000,185
43,2.024390,1.844444,185
44,2.062500,1.813187,184
45,2.141026,1.795699,184
46,2.181818,1.768421,184
47,2.236842,1.752577,185
48,1.071942,4.656250,201
49,1.113475,4.131579,209
50,1.136691,3.950000,209
51,1.152778,3.772727,218
52,1.152778,3.608696,220
53,1.173611,3.520833,222
54,1.210884,3.358490,231
55,1.226027,3.254545,231
56,1.236486,3.155172,236
57,1.250000,3.114754,244
58,1.271523,3.000000,245
59,1.296053,2.940299,249
60,1.298701,2.857143,254
61,1.326797,2.819444,255
62,1.324841,2.736842,262
63,1.363636,2.692308,262
64,1.380645,2.675000,266
65,1.401274,2.619048,272
66,1.387500,2.581395,276
67,1.420382,2.534091,275
68,1.452229,2.505495,278
69,1.462025,2.483871,282
70,1.481013,2.463158,284
71,1.490683,2.400000,291
72,1.493827,2.372549,294
73,1.518519,2.342857,297
74,1.537500,2.342857,295
75,1.546012,2.311927,302
76,1.559006,2.302752,300
77,1.567901,2.288288,303
78,1.591463,2.250000,310
79,1.601227,2.230769,310
80,1.617284,2.220339,310
81,1.629630,2.200000,313
82,1.641975,2.180328,314
83,1.668712,2.158730,320
84,1.677019,2.142857,316
85,1.699386,2.130769,323
86,1.708075,2.115385,321
87,1.720497,2.098485,323
88,1.732919,2.082090,324
89,1.759259,2.065217,330
90,1.762500,2.043478,326
91,1.777778,2.028169,332
92,1.792453,2.007042,329
93,1.807453,1.993151,334
94,1.822785,1.972603,331
95,1.842767,1.966443,336
96,1.860759,1.947020,336
97,1.885350,1.947368,337
98,1.910256,1.935065,338
99,1.922581,1.922581,337
100,1.947712,1.898089,336
101,1.960265,1.885350,333
102,1.986755,1.886792,337
103,2.013333,1.864197,338
104,2.033784,1.846626,336
105,2.054422,1.830303,337
106,2.082759,1.819277,336
107,2.111888,1.808383,334
108,2.148936,1.792899,333
109,2.170213,1.768786,337
110,2.196970,1.757576,318
111,2.224806,1.728916,314
112,1.120963,4.519962,215
113,1.144737,4.142857,229
114,1.160256,3.934783,238
115,1.153374,3.760000,248
116,1.185185,3.692308,251
117,1.208589,3.581818,255
118,1.222892,3.440678,262
119,1.243902,3.344262,261
120,1.252941,3.276923,272
121,1.265896,3.220588,279
122,1.280000,3.154930,284
123,1.298851,3.054054,285
124,1.300000,3.000000,295
125,1.293194,2.975904,313
126,1.326087,2.904762,307
127,1.344262,2.860465,308
128,1.351351,2.840909,311
129,1.346939,2.838710,330
130,1.355670,2.739583,329
131,1.389474,2.693877,326
132,1.394872,2.666667,337
133,1.401015,2.653846,341
134,1.416244,2.607477,344
135,1.437092,2.574911,346
136,1.424390,2.584071,359
137,1.450000,2.543860,354
138,1.462312,2.508621,355
139,1.467980,2.504202,363
140,1.472906,2.471074,364
141,1.480952,2.468254,378
142,1.507317,2.452381,372
143,1.502415,2.429688,376
144,1.502392,2.415385,379
145,1.521531,2.390977,383
146,1.531101,2.388060,385
147,1.535545,2.364964,390
148,1.546729,2.347518,397
149,1.553991,2.347518,397
150,1.560748,2.335664,399
151,1.562791,2.317241,401
152,1.580645,2.302013,408
153,1.587156,2.291391,411
154,1.586364,2.266234,416
155,1.596330,2.274510,414
156,1.610092,2.264516,416
157,1.619910,2.251572,423
158,1.625571,2.238994,421
159,1.641098,2.211934,423
160,1.644144,2.212121,430
161,1.648649,2.191617,431
162,1.662162,2.183432,433
163,1.668161,2.175439,437
164,1.675556,2.154286,443
165,1.689189,2.155172,438
166,1.695067,2.147727,441
167,1.692308,2.137143,437
168,1.709821,2.127778,446
169,1.717489,2.116022,446
170,1.730942,2.109290,448
171,1.735426,2.103261,449
172,1.744395,2.091398,451
173,1.756757,2.085562,451
174,1.765766,2.074074,453
175,1.776786,2.051546,460
176,1.778280,2.057592,453
177,1.778280,2.046875,453
178,1.778280,2.025773,454
179,1.790909,2.020513,454
180,1.803653,2.015306,454
181,1.812785,2.005050,456
182,1.821101,1.994975,455
183,1.835103,1.991061,456
184,1.846512,1.985000,454
185,1.855814,1.965517,455
186,1.875576,1.947368,463
187,1.878505,1.960976,457
188,1.901869,1.938095,462
189,1.904762,1.941748,453
190,1.923810,1.933014,456
191,1.937198,1.927885,453
192,1.951220,1.913876,451
193,1.961165,1.905660,454
194,1.975369,1.900474,451
195,1.990050,1.886792,448
196,2.000000,1.886256,446
197,2.025381,1.873239,445
198,2.030303,1.852535,448
199,2.051546,1.851163,443
200,2.072917,1.842593,441
201,2.089474,1.829493,440
202,2.106952,1.824074,436
203,2.142105,1.785088,448
204,2.156757,1.789238,439
205,2.177778,1.781818,430
206,2.201117,1.774775,431
207,2.211614,1.761139,432
208,1.170543,4.314286,197
209,1.216418,3.975610,209
210,1.224638,3.755556,217
211,1.195122,3.769231,254
212,1.231292,3.549020,232
213,1.255034,3.462963,238
214,1.267974,3.344828,246
215,1.247191,3.415385,284
216,1.308176,3.200000,261
217,1.320988,3.147059,268
218,1.331325,3.112676,276
219,1.341317,3.027027,279
220,1.315789,3.086420,314
221,1.360000,2.938272,295
222,1.370787,2.904762,302
223,1.381215,2.840909,309
224,1.390110,2.811111,313
225,1.369458,2.865979,345
226,1.412698,2.781250,328
227,1.409326,2.720000,334
228,1.417526,2.696079,338
229,1.428571,2.692308,343
230,1.388128,2.690265,377
231,1.442211,2.609091,351
232,1.444444,2.600000,366
233,1.456731,2.589744,369
234,1.461905,2.558333,374
235,1.464789,2.536585,379
236,1.481132,2.512000,380
237,1.476852,2.511811,387
238,1.488585,2.507692,394
239,1.490909,2.466165,398
240,1.506787,2.466667,402
241,1.504464,2.442029,407
242,1.522321,2.435714,410
243,1.526549,2.429577,415
244,1.535088,2.413793,420
245,1.545851,2.408163,424
246,1.552632,2.375839,423
247,1.547009,2.381579,433
248,1.560345,2.366013,432
249,1.564103,2.346154,437
250,1.567227,2.345912,445
251,1.578059,2.337500,445
252,1.588235,2.333333,449
253,1.590909,2.319277,457
254,1.583673,2.309524,462
255,1.593496,2.305882,466
256,1.592742,2.296512,469
257,1.605691,2.283237,468
258,1.611336,2.287356,471
259,1.610442,2.291429,475
260,1.606299,2.292135,483
261,1.619048,2.266667,483
262,1.620553,2.265193,485
263,1.625984,2.256831,487
264,1.631373,2.260870,491
265,1.636719,2.252688,493
266,1.642023,2.244681,497
267,1.647287,2.236842,500
268,1.648649,2.223958,502
269,1.653846,2.227979,506
270,1.657895,2.216080,518
271,1.666667,2.211055,516
272,1.671756,2.212121,513
273,1.674242,2.199005,517
274,1.674157,2.191176,524
275,1.684211,2.185366,524
276,1.687970,2.179612,524
277,1.695489,2.178744,526
278,1.699248,2.173077,528
279,1.703007,2.167464,528
280,1.707407,2.154206,537
281,1.708955,2.150235,533
282,1.720149,2.144186,536
283,1.726592,2.144186,536
284,1.727612,2.133641,538
285,1.727612,2.123853,538
286,1.734082,2.123853,537
287,1.742537,2.113122,541
288,1.752809,2.108108,541
289,1.747212,2.107623,544
290,1.758364,2.092920,547
291,1.756554,2.093750,543
292,1.764925,2.083700,546
293,1.774436,2.079295,545
294,1.779026,2.074236,547
295,1.775281,2.069869,547
296,1.777359,2.056769,544
297,1.786517,2.056035,549
298,1.795455,2.051948,545
299,1.800000,2.047210,548
300,1.803030,2.042918,547
301,1.810606,2.034043,548
302,1.820611,2.029787,546
303,1.822394,2.025751,540
304,1.824903,2.021552,537
305,1.838462,2.016878,546
306,1.844961,2.000000,544
307,1.847656,1.995781,540
308,1.863281,1.995816,544
309,1.866667,1.991632,541
310,1.877953,1.979253,543
311,1.884921,1.979167,539
312,1.896414,1.966942,540
313,1.903614,1.966805,537
314,1.915663,1.954918,539
315,1.927419,1.943089,540
316,1.938525,1.946502,533
317,1.946281,1.938272,530
318,1.945607,1.929461,524
319,1.966527,1.926229,528
320,1.970464,1.913934,524
321,1.987180,1.905738,521
322,1.995690,1.905350,518
323,2.013043,1.889796,517
324,2.017621,1.884774,511
325,2.039823,1.873984,514
326,2.054054,1.868852,507
327,2.081081,1.833333,513
328,2.082192,1.831325,506
329,2.097674,1.848361,499
330,2.118483,1.817073,493
331,2.140187,1.803150,505
332,2.154589,1.798387,491
333,2.171569,1.786290,486
334,2.189055,1.781376,483
335,2.207921,1.769841,489