336
0,1.026316,4.875000,78 
1,1.050000,3.500000,85 
2,1.189189,3.142857,83 
3,1.270270,2.764706,88 
4,1.236842,2.611111,88 
5,1.333333,2.400000,88 
6,1.382353,2.238095,85 
7,1.485714,2.080000,93 
8,1.531250,1.960000,87 
9,1.612903,1.923077,87 
10,1.645161,1.821429,88 
11,1.700000,1.700000,88 
12,1.827586,1.656250,90 
13,1.843750,1.638889,100
14,1.933333,1.567568,97 
15,2.033333,1.525000,100
16,1.015152,4.785714,135
17,1.074627,3.789474,142
18,1.069444,3.500000,153
19,1.142857,3.333333,155
20,1.169014,3.074074,160
21,1.194444,2.965517,163
22,1.229730,2.843750,172
23,1.191781,2.718750,167
24,1.243243,2.555556,173
25,1.287671,2.473684,175
26,1.328571,2.384615,172
27,1.351351,2.325581,183
28,1.385714,2.255814,177
29,1.430556,2.191489,185
30,1.464789,2.166667,185
31,1.479452,2.076923,193
32,1.521127,2.037736,192
33,1.535211,1.981818,193
34,1.585714,1.947368,193
35,1.608696,1.881356,193
36,1.637681,1.852459,197
37,1.652174,1.809524,198
38,1.691176,1.769231,198
39,1.750000,1.750000,192
40,1.765625,1.712121,193
41,1.803030,1.676056,202
42,1.846154,1.643836,202
43,1.875000,1.600000,202
44,1.920635,1.592105,202
45,1.967742,1.564103,203
46,2.000000,1.525000,202
47,2.050000,1.500000,203
48,1.025210,4.518518,245
49,1.065041,4.093750,260
50,1.073171,3.771429,262
51,1.094017,3.657143,252
52,1.118644,3.567568,257
53,1.134454,3.375000,262
54,1.153226,3.250000,275
55,1.166667,3.181818,268
56,1.188525,3.085106,277
57,1.208333,2.959184,275
58,1.213115,2.901961,280
59,1.239669,2.830189,282
60,1.235772,2.714286,287
61,1.240000,2.672414,292
62,1.266129,2.616667,293
63,1.261905,2.564516,298
64,1.267717,2.515625,302
65,1.301587,2.484848,303
66,1.317460,2.441176,307
67,1.333333,2.388889,317
68,1.360000,2.361111,310
69,1.376000,2.324324,313
70,1.373016,2.276316,315
71,1.388889,2.243590,318
72,1.404762,2.212500,320
73,1.401575,2.170732,323
74,1.421875,2.166667,328
75,1.444444,2.141176,327
76,1.452381,2.103448,328
77,1.453846,2.076923,340
78,1.476190,2.043956,333
79,1.488550,2.031250,348
80,1.500000,2.000000,353
81,1.520000,1.979167,337
82,1.522727,1.951456,357
83,1.537879,1.933333,358
84,1.550388,1.904762,353
85,1.573643,1.897196,357
86,1.585366,1.875000,342
87,1.601562,1.863636,358
88,1.609375,1.839286,360
89,1.628099,1.807339,343
90,1.642857,1.800000,360
91,1.658333,1.776786,345
92,1.664000,1.762712,360
93,1.680000,1.735537,363
94,1.694915,1.724138,345
95,1.725806,1.712000,367
96,1.739837,1.685039,367
97,1.750000,1.669231,372
98,1.775000,1.651163,363
99,1.787611,1.642276,345
100,1.805085,1.625954,362
101,1.811966,1.593985,360
102,1.836364,1.578125,343
103,1.862069,1.565217,365
104,1.871795,1.553192,370
105,1.905660,1.541985,340
106,1.927928,1.528571,358
107,1.944954,1.514286,355
108,1.971698,1.492857,348
109,2.000000,1.470588,333
110,2.019608,1.460993,342
111,2.039216,1.444444,345
112,1.043332,4.427589,303
113,1.068493,4.105263,308
114,1.073825,3.902439,317
115,1.105634,3.738095,307
116,1.108844,3.622222,318
117,1.118012,3.600000,350
118,1.136364,3.431373,338
119,1.151316,3.365385,337
120,1.167742,3.232143,347
121,1.173077,3.155172,350
122,1.175758,3.129032,372
123,1.192547,3.047619,365
124,1.209459,2.983333,338
125,1.213836,2.880597,365
126,1.225000,2.840580,370
127,1.240741,2.791667,378
128,1.245509,2.736842,390
129,1.257862,2.666667,375
130,1.246914,2.623377,380
131,1.277108,2.585366,395
132,1.267857,2.566265,398
133,1.292398,2.540230,410
134,1.277108,2.494118,397
135,1.291916,2.423180,398
136,1.297753,2.457447,430
137,1.308571,2.385417,425
138,1.320000,2.381443,427
139,1.337209,2.346939,423
140,1.350575,2.326733,432
141,1.357955,2.298077,438
142,1.380682,2.271028,443
143,1.388571,2.271028,442
144,1.396552,2.250000,442
145,1.364641,2.205357,453
146,1.379888,2.185841,452
147,1.395604,2.208696,462
148,1.390110,2.144068,462
149,1.413408,2.162393,458
150,1.423729,2.117647,455
151,1.434286,2.109244,453
152,1.446328,2.098361,460
153,1.453039,2.070866,473
154,1.453039,2.054688,473
155,1.464088,2.038461,475
156,1.464088,2.022901,475
157,1.483146,2.015267,472
158,1.483333,1.992537,478
159,1.500755,1.960119,500
160,1.505618,1.970588,477
161,1.511111,1.956835,483
162,1.511111,1.942857,483
163,1.531429,1.928058,475
164,1.528090,1.902098,483
165,1.541899,1.903448,488
166,1.541899,1.877551,488
167,1.552486,1.873333,497
168,1.568182,1.864865,487
169,1.580460,1.858108,483
170,1.588571,1.841060,488
171,1.585227,1.811688,492
172,1.597701,1.805195,488
173,1.614035,1.803922,483
174,1.614035,1.780645,483
175,1.624277,1.778481,492
176,1.631579,1.765823,487
177,1.639053,1.753165,483
178,1.647059,1.739130,488
179,1.662722,1.723926,488
180,1.678788,1.720497,480
181,1.682635,1.703030,503
182,1.695122,1.695122,480
183,1.707317,1.686747,483
184,1.716129,1.672956,458
185,1.731707,1.660819,488
186,1.727848,1.644578,470
187,1.743750,1.631579,480
188,1.754601,1.625000,492
189,1.762820,1.608187,472
190,1.775641,1.601156,475
191,1.790850,1.583815,468
192,1.803922,1.568182,472
193,1.815789,1.559322,470
194,1.832215,1.551136,465
195,1.849315,1.542857,458
196,1.863014,1.528090,462
197,1.874126,1.514124,453
198,1.881944,1.505556,458
199,1.906475,1.497175,447
200,1.933824,1.485876,442
201,1.942029,1.464481,450
202,1.962687,1.461111,440
203,1.984733,1.444444,435
204,2.000000,1.431694,438
205,2.015625,1.425414,430
206,2.048387,1.403315,422
207,2.061934,1.393564,438
208,1.057143,4.352941,293
209,1.082192,4.051282,310
210,1.100000,3.837209,323
211,1.119205,3.755556,328
212,1.111765,3.705882,368
213,1.134615,3.540000,342
214,1.131429,3.535714,383
215,1.156250,3.363636,355
216,1.151685,3.360656,395
217,1.180124,3.166667,363
218,1.187879,3.111111,373
219,1.200000,3.090909,387
220,1.210843,3.000000,380
221,1.210526,2.957143,392
222,1.203209,2.960526,427
223,1.227273,2.880000,407
224,1.245810,2.822785,418
225,1.252809,2.753086,418
226,1.256831,2.738095,430
227,1.251282,2.741573,457
228,1.283333,2.655172,430
229,1.285714,2.600000,435
230,1.267016,2.602150,453
231,1.293194,2.572917,458
232,1.282609,2.510638,440
233,1.293194,2.494950,460
234,1.297436,2.456311,470
235,1.294416,2.475728,473
236,1.303030,2.411215,478
237,1.310526,2.394231,462
238,1.309524,2.412281,510
239,1.319797,2.342342,482
240,1.323529,2.327586,500
241,1.331683,2.318965,497
242,1.343137,2.302521,503
243,1.341346,2.286885,513
244,1.334928,2.286885,515
245,1.360406,2.252101,492
246,1.362745,2.224000,510
247,1.362319,2.220472,517
248,1.379808,2.190840,523
249,1.376190,2.189394,528
250,1.394231,2.164179,528
251,1.410628,2.162963,528
252,1.415459,2.154412,530
253,1.414747,2.177305,555
254,1.419048,2.143885,538
255,1.432692,2.113475,538
256,1.428571,2.112676,542
257,1.441315,2.102740,553
258,1.438679,2.089041,550
259,1.448598,2.080537,558
260,1.446078,2.062937,532
261,1.446009,2.067114,555
262,1.462963,2.025641,567
263,1.462617,2.032468,562
264,1.468293,2.020134,540
265,1.469767,2.000000,567
266,1.482927,2.000000,543
267,1.482927,1.986928,543
268,1.492891,1.968750,563
269,1.490291,1.967949,548
270,1.502326,1.957576,575
271,1.504587,1.952381,585
272,1.502439,1.937107,550
273,1.514706,1.931250,550
274,1.516746,1.921212,563
275,1.520930,1.912281,582
276,1.527094,1.913580,550
277,1.529412,1.890909,553
278,1.545000,1.884146,547
279,1.543269,1.877193,568
280,1.547170,1.863636,580
281,1.556561,1.869565,608
282,1.557604,1.857143,597
283,1.565217,1.840909,572
284,1.566038,1.834254,587
285,1.564593,1.816667,578
286,1.583732,1.818681,582
287,1.585714,1.809783,587
288,1.585366,1.795580,572
289,1.599034,1.789189,582
290,1.600985,1.785714,570
291,1.608491,1.776042,598
292,1.605911,1.762162,572
293,1.619512,1.756614,582
294,1.630000,1.752688,570
295,1.625616,1.736842,578
296,1.641414,1.728723,567
297,1.646766,1.723958,577
298,1.653061,1.714286,565
299,1.658163,1.701571,567
300,1.664948,1.700000,562
301,1.673469,1.682051,570
302,1.677083,1.677083,560
303,1.691100,1.673575,560
304,1.691919,1.666667,580
305,1.696808,1.652850,553
306,1.708995,1.639594,558
307,1.713513,1.625641,548
308,1.724324,1.619289,552
309,1.729730,1.608040,552
310,1.733333,1.600000,538
311,1.747253,1.597990,548
312,1.756906,1.582090,547
313,1.767045,1.570707,535
314,1.772727,1.560000,537
315,1.779070,1.553300,525
316,1.797688,1.539604,533
317,1.800000,1.530000,523
318,1.815476,1.525000,522
319,1.827381,1.519802,523
320,1.840491,1.507538,512
321,1.858896,1.500000,515
322,1.867925,1.492462,503
323,1.874214,1.475248,507
324,1.891566,1.481132,532
325,1.908497,1.452736,493
326,1.919753,1.466981,525
327,1.933775,1.438424,492
328,1.950311,1.440367,528
329,1.972603,1.418719,483
330,1.993007,1.403941,478
331,2.022222,1.392857,457
332,2.029412,1.386935,460
333,2.044445,1.373134,460
334,2.067669,1.361386,458
335,2.101562,1.351759,447