336
0,1.000000,4.750000,82 
1,1.102564,3.583333,89 
2,1.142857,3.076923,82 
3,1.242424,2.928571,82 
4,1.272727,2.625000,84 
5,1.375000,2.444444,86 
6,1.454545,2.285714,91 
7,1.533333,2.190476,86 
8,1.566667,2.043478,88 
9,1.655172,2.000000,88 
10,1.741935,1.928571,98 
11,1.833333,1.833333,98 
12,1.931034,1.806452,98 
13,2.074074,1.750000,96 
14,2.142857,1.666667,104
15,2.269231,1.638889,100
16,1.031746,4.642857,139
17,1.092308,3.944444,148
18,1.125000,3.789474,148
19,1.156250,3.363636,152
20,1.183099,3.230769,171
21,1.211268,3.071429,173
22,1.239437,2.933333,177
23,1.263889,2.757576,182
24,1.295775,2.705882,182
25,1.342857,2.540540,184
26,1.352113,2.461539,188
27,1.385714,2.425000,188
28,1.428571,2.325581,193
29,1.457143,2.266667,195
30,1.529412,2.260870,195
31,1.544118,2.187500,196
32,1.597015,2.140000,198
33,1.611940,2.076923,200
34,1.656716,2.055556,204
35,1.707692,2.018182,202
36,1.723077,1.964912,204
37,1.765625,1.915254,204
38,1.796875,1.885246,207
39,1.841270,1.870968,207
40,1.887097,1.828125,207
41,1.934426,1.787879,209
42,1.983333,1.776119,209
43,2.034483,1.735294,205
44,2.068965,1.690141,209
45,2.125000,1.676056,205
46,2.181818,1.643836,207
47,2.240741,1.635135,207
48,1.072072,4.760000,250
49,1.107143,4.275862,257
50,1.123894,3.968750,263
51,1.136752,3.800000,273
52,1.144144,3.628572,261
53,1.160714,3.513514,266
54,1.170940,3.425000,280
55,1.203540,3.317073,275
56,1.210526,3.209302,279
57,1.226087,3.065217,284
58,1.237288,3.041667,293
59,1.258621,2.920000,291
60,1.284483,2.865385,295
61,1.275000,2.781818,304
62,1.291667,2.719298,307
63,1.314050,2.694915,313
64,1.338983,2.633333,309
65,1.333333,2.603175,321
66,1.381356,2.546875,316
67,1.383333,2.515152,321
68,1.380165,2.455882,323
69,1.420168,2.414286,325
70,1.436975,2.408451,327
71,1.466102,2.369863,329
72,1.466667,2.346667,334
73,1.487395,2.328947,334
74,1.491667,2.265823,339
75,1.512605,2.278481,339
76,1.524194,2.223529,355
77,1.535433,2.215909,366
78,1.551181,2.188889,368
79,1.571429,2.149425,348
80,1.577236,2.131868,361
81,1.600000,2.122449,386
82,1.613445,2.086957,355
83,1.627119,2.086957,354
84,1.644068,2.042105,357
85,1.663866,2.041237,363
86,1.677966,2.000000,363
87,1.686441,2.010101,364
88,1.715517,1.970297,363
89,1.730435,1.970297,361
90,1.739130,1.941748,363
91,1.763158,1.932692,363
92,1.763158,1.914286,364
93,1.793388,1.903509,391
94,1.813559,1.877193,384
95,1.823529,1.870690,389
96,1.844828,1.844828,382
97,1.869565,1.837607,382
98,1.880342,1.833333,391
99,1.913793,1.804878,393
100,1.930435,1.790323,393
101,1.956140,1.784000,393
102,1.971429,1.769231,364
103,1.990385,1.754237,363
104,2.027778,1.738095,382
105,2.055046,1.723077,389
106,2.084112,1.715385,388
107,2.103774,1.689394,386
108,2.141510,1.656934,391
109,2.184466,1.654412,386
110,2.203883,1.621429,389
111,2.245098,1.624113,391
112,1.107843,4.571703,282
113,1.119403,4.285714,309
114,1.146154,4.027027,305
115,1.140625,3.842105,300
116,1.166667,3.744186,329
117,1.162162,3.659575,352
118,1.182432,3.571429,355
119,1.201439,3.408163,338
120,1.218310,3.326923,348
121,1.217105,3.303571,371
122,1.227586,3.236364,357
123,1.256944,3.120690,361
124,1.272109,3.065574,370
125,1.280000,3.000000,380
126,1.272152,2.955882,398
127,1.296774,2.913043,396
128,1.301282,2.819444,400
129,1.317881,2.802817,389
130,1.333333,2.724638,368
131,1.333333,2.700000,423
132,1.345912,2.675000,418
133,1.351852,2.638554,427
134,1.349112,2.620690,445
135,1.376883,2.585953,461
136,1.367470,2.550562,441
137,1.402439,2.527472,443
138,1.395210,2.505376,450
139,1.394118,2.468750,457
140,1.421384,2.456522,434
141,1.438272,2.427083,445
142,1.445122,2.393939,452
143,1.449704,2.378641,468
144,1.462025,2.357143,439
145,1.466667,2.349514,459
146,1.482143,2.327103,471
147,1.485549,2.315315,486
148,1.503145,2.298077,450
149,1.500000,2.275862,498
150,1.517647,2.263158,486
151,1.523810,2.265487,480
152,1.529070,2.247863,493
153,1.545977,2.241667,504
154,1.556213,2.228814,491
155,1.560694,2.213115,504
156,1.563218,2.193548,507
157,1.576471,2.178862,498
158,1.583815,2.174603,509
159,1.595915,2.152084,502
160,1.602273,2.136364,521
161,1.613636,2.135338,525
162,1.620690,2.120301,520
163,1.621469,2.110294,530
164,1.632184,2.088235,523
165,1.649123,2.088889,518
166,1.653179,2.072464,525
167,1.662857,2.063830,534
168,1.674556,2.050725,518
169,1.684211,2.042553,527
170,1.694915,2.027027,546
171,1.698864,1.993333,545
172,1.704142,2.000000,525
173,1.726744,1.980000,539
174,1.724551,1.972603,523
175,1.738372,1.954248,543
176,1.745455,1.959184,521
177,1.755952,1.953642,534
178,1.762195,1.939597,521
179,1.768293,1.933333,523
180,1.777108,1.928105,532
181,1.790123,1.907895,521
182,1.800000,1.891720,534
183,1.812270,1.891669,548
184,1.824242,1.881250,539
185,1.832335,1.877301,546
186,1.852761,1.864197,539
187,1.859873,1.848101,520
188,1.874214,1.839506,530
189,1.881250,1.835366,536
190,1.900000,1.809524,539
191,1.909091,1.814815,521
192,1.930380,1.794118,539
193,1.940397,1.797546,516
194,1.967105,1.790419,525
195,1.972973,1.780488,513
196,1.993289,1.767857,520
197,2.013889,1.757576,507
198,2.020548,1.745562,516
199,2.049296,1.732143,507
200,2.075342,1.721591,525
201,2.095891,1.700000,530
202,2.111888,1.677778,523
203,2.124088,1.691860,502
204,2.157143,1.659341,520
205,2.166667,1.662791,493
206,2.206107,1.651429,495
207,2.232711,1.632411,488
208,1.131387,4.558824,318
209,1.177419,4.055555,295
210,1.182540,3.921053,302
211,1.201550,3.780488,311
212,1.207692,3.651163,316
213,1.226562,3.488889,314
214,1.218978,3.408163,336
215,1.251852,3.380000,336
216,1.276119,3.288461,338
217,1.243590,3.288136,386
218,1.283582,3.127273,339
219,1.266234,3.196721,386
220,1.278788,3.102941,416
221,1.290909,3.086957,420
222,1.326797,2.942029,396
223,1.337662,2.901408,400
224,1.343949,2.851351,411
225,1.353742,2.802817,386
226,1.362416,2.780822,393
227,1.370861,2.760000,400
228,1.372549,2.727273,405
229,1.382716,2.698795,432
230,1.391026,2.679012,418
231,1.389937,2.630952,425
232,1.393064,2.619565,464
233,1.395480,2.572917,475
234,1.417178,2.566667,443
235,1.396825,2.588235,507
236,1.417582,2.529412,495
237,1.420118,2.500000,459
238,1.429412,2.479592,464
239,1.423469,2.491071,534
240,1.452128,2.459460,520
241,1.448276,2.423077,480
242,1.465517,2.405660,484
243,1.474286,2.388889,489
244,1.466292,2.394495,495
245,1.477528,2.369369,498
246,1.486034,2.353982,504
247,1.494444,2.339130,507
248,1.505556,2.336207,511
249,1.487923,2.333333,582
250,1.507538,2.307692,564
251,1.516304,2.305785,525
252,1.525253,2.287879,566
253,1.509615,2.291971,591
254,1.529412,2.269841,536
255,1.521127,2.265734,609
256,1.534392,2.248062,543
257,1.544973,2.246154,546
258,1.563107,2.236111,600
259,1.563107,2.236111,600
260,1.563158,2.216418,554
261,1.565445,2.214815,557
262,1.570681,2.205882,559
263,1.572093,2.209150,629
264,1.571429,2.200000,634
265,1.584615,2.191489,573
266,1.595855,2.169014,570
267,1.600985,2.181208,602
268,1.597156,2.160256,625
269,1.609524,2.152866,625
270,1.607306,2.146342,650
271,1.616822,2.149068,638
272,1.617347,2.127517,586
273,1.619289,2.126667,589
274,1.617925,2.104295,634
275,1.636792,2.115854,638
276,1.637255,2.087500,614
277,1.650485,2.098765,623
278,1.655340,2.092025,625
279,1.660287,2.090361,636
280,1.668246,2.082840,645
281,1.668269,2.065476,636
282,1.672986,2.064327,646
283,1.683962,2.063584,652
284,1.683962,2.051724,652
285,1.689815,2.027778,666
286,1.696682,2.034091,652
287,1.705608,2.005495,664
288,1.712264,2.027933,659
289,1.716346,2.016949,648
290,1.711340,2.012121,604
291,1.729858,2.005495,661
292,1.734300,1.994444,650
293,1.736585,1.988827,645
294,1.747573,1.978022,652
295,1.748768,1.972222,641
296,1.751220,1.961749,650
297,1.762376,1.956044,643
298,1.765854,1.956757,654
299,1.779412,1.951613,654
300,1.780000,1.934783,641
301,1.786070,1.930107,646
302,1.788945,1.924324,641
303,1.795000,1.919786,645
304,1.811224,1.908602,636
305,1.818182,1.894737,645
306,1.815385,1.893048,634
307,1.831633,1.889474,641
308,1.834197,1.882979,632
309,1.845361,1.874346,639
310,1.860104,1.869792,639
311,1.865285,1.855670,641
312,1.883838,1.828431,663
313,1.884817,1.846154,639
314,1.890052,1.832487,641
315,1.904255,1.835897,634
316,1.912088,1.821990,616
317,1.923497,1.814433,621
318,1.938547,1.807292,613
319,1.944444,1.804124,616
320,1.961111,1.791878,621
321,1.966102,1.793814,611
322,1.982456,1.774869,595
323,2.005556,1.752427,632
324,2.017751,1.766839,595
325,2.029940,1.756477,591
326,2.042424,1.737113,588
327,2.060606,1.725888,591
328,2.078313,1.716418,598
329,2.093750,1.717949,580
330,2.130952,1.688679,618
331,2.139241,1.690000,582
332,2.161290,1.683417,577
333,2.180000,1.668367,561
334,2.213333,1.660000,568
335,2.229730,1.658291,563